epoch,accuracy,loss,precision,recall,val_accuracy,val_loss,val_precision,val_recall
0,0.9981617331504822,0.5723938345909119,0.11249999701976776,0.1875,0.9992713332176208,0.012608524411916733,1.0,0.13725490868091583
1,0.9994203448295593,0.009617566131055355,0.6756756901741028,0.5208333134651184,0.9982279539108276,0.005540378391742706,0.27272728085517883,0.6470588445663452
2,0.9994534850120544,0.0035283812321722507,0.7222222089767456,0.5416666865348816,0.9995197057723999,0.0012982373591512442,0.8484848737716675,0.5490196347236633
3,0.9990725517272949,0.2048962414264679,0.44262295961380005,0.5625,0.999552845954895,0.0019539284985512495,0.9629629850387573,0.5098039507865906
4,0.9995197057723999,0.007122487761080265,0.75,0.625,0.9994369149208069,0.0020748553797602654,0.6285714507102966,0.8627451062202454
5,0.9996687769889832,0.0015164237702265382,0.8333333134651184,0.7291666865348816,0.9995694160461426,0.0013777981512248516,0.8787878751754761,0.5686274766921997
6,0.9998012781143188,0.0006331272306852043,0.8913043737411499,0.8541666865348816,0.9993706941604614,0.002255624160170555,1.0,0.2549019753932953
7,0.9994203448295593,0.0028146656695753336,0.6585366129875183,0.5625,0.9994369149208069,0.002101364079862833,1.0,0.3529411852359772
8,0.9995859861373901,0.003144144546240568,0.7948718070983887,0.6458333134651184,0.9992216229438782,0.002517703454941511,1.0,0.0784313753247261
9,0.9993044137954712,0.003263200866058469,0.6206896305084229,0.375,0.9993706941604614,0.0017699974123388529,1.0,0.2549019753932953
